2016-07-30	26.59	20.78	42.71	57.21	-36.95	-21.72
2016-06-03	26.58	21.22	37.67	36.69	-41.99	-42.25
2016-07-31	26.5	19.17	37.44	47.52	-42.21	-31.43
2016-06-02	26.3	22.45	38.81	36.75	-40.8	-42.29
2016-07-29	25.84	20.82	44.11	53.42	-35.42	-25.51
2016-07-28	25.71	19.49	47.53	66.39	-31.98	-12.55
2016-08-02	25.64	15.89	34.94	56.48	-44.56	-23.11
2016-06-04	25.62	16.09	29.15	27.83	-50.34	-51.7
2016-08-01	25.33	18.99	33.51	45.28	-45.93	-33.69
2016-05-31	25.16	25.31	37.64	32.4	-41.78	-47.04
2016-09-11	25.06	18.2	43.02	60.15	-36.38	-18.9
2016-09-10	24.98	19.11	45	62.02	-34.39	-16.95
2016-06-07	24.92	23.07	23.08	32.67	-56.3	-46.44
2016-06-08	24.92	14.87	23.04	31	-56.33	-48.98
2016-06-06	24.92	12.65	19.76	24.81	-59.61	-56.41
2016-06-05	24.67	13.5	23.3	31.15	-56.04	-49.53
2016-09-16	24.61	13.28	39.15	54.37	-40.18	-26.44
2016-06-01	24.61	20.68	37.24	44.19	-42.09	-34.73
2016-06-10	24.47	9.51	19.96	56.21	-59.34	-27.83
2016-09-17	24.42	13.49	36.96	59.46	-42.33	-21.22
2016-06-18	24.41	13.51	36.64	93.06	-42.66	12.39
2016-06-09	24.39	12.84	15.72	30.33	-63.57	-50.76
2016-09-13	24.32	17.89	40.38	57.99	-38.9	-21.11
2016-09-15	24.25	20.8	45.11	58.79	-34.16	-20.14
2016-06-17	24.23	16.66	40.34	76.82	-38.93	-2.54
2016-06-20	24.2	15.05	35	69.45	-44.26	-10.45
2016-06-19	24.19	15.95	35.99	87.4	-43.27	7.83
2016-06-11	24.19	11.28	19.65	54.15	-59.61	-28.13
2016-09-14	24.08	18.73	43.05	58.1	-36.2	-20.9
2016-09-07	24.05	21.56	44.47	52.9	-34.77	-26.07
2016-09-08	23.92	15.59	37.65	55.57	-41.57	-24.12
2016-06-13	23.75	14.48	22.77	46.41	-56.42	-33.75
2016-09-12	23.67	17.03	36.24	50.75	-42.95	-28.52
2016-09-09	23.55	18.6	44.67	64.6	-34.5	-14.41
2016-11-24	23.48	4.45	25.16	74.76	-54	-17.13
2016-11-10	23.47	0.81	14.27	95.54	-64.89	-5.08
2016-10-30	23.38	6.96	23.26	57.05	-55.89	-30.39
2016-06-16	23.37	17.65	39.7	60.33	-39.44	-18.81
2016-11-27	23.31	1.42	20.32	72.61	-58.81	-26.34
2016-06-12	23.28	13.41	21.76	44.07	-57.37	-36.66
2016-09-06	23.23	19.02	42.41	46.98	-36.72	-31.99
2016-11-14	23.23	6.3	20.5	95.89	-58.63	7.38
2016-11-17	23.18	9.49	21.75	80.73	-57.38	-3.34
2016-10-10	23.15	8.39	32.01	66.3	-47.11	-19.11
2016-11-11	23.15	0	14.22	94.89	-64.89	-8.06
2016-10-31	23.11	8.17	21.98	60.57	-57.13	-25.13
2016-10-05	23.02	7.71	28.85	60.22	-50.25	-26.1
2016-12-11	23.02	0.51	17.88	86.41	-61.22	-15.06
2016-11-19	23	7.08	21.68	81.07	-57.42	-6.19
2016-10-25	22.99	5.15	26.97	79.23	-52.13	-11.3
2016-11-18	22.99	8.77	24.48	88.14	-54.62	3.22
2016-10-01	22.98	12.51	39.31	51.25	-39.79	-30.07
2016-09-20	22.97	11.97	36.09	64.17	-43.01	-17.55
2016-11-29	22.97	2.38	15.46	90.74	-63.64	-5.76
2016-12-14	22.94	2.52	15.41	95.17	-63.69	-0.99
2016-11-09	22.93	-0.19	14	92.21	-65.09	-11.33
2016-09-30	22.93	13.99	43.97	44.92	-35.13	-35.48
2016-11-23	22.93	9.83	27.73	81.5	-51.36	-2.18
2016-11-16	22.89	6.47	20.81	93.79	-58.27	5.57
2016-11-01	22.88	3.4	23.53	82.88	-55.56	-11.24
2016-11-05	22.88	1.62	14.05	74.26	-65.04	-24.16
2016-11-22	22.87	10.21	28.21	81.36	-50.87	-1.94
2016-12-20	22.87	8.35	22.22	90.16	-56.86	4.7
2016-11-12	22.82	0.59	14	91.8	-65.08	-9.44
2016-10-06	22.78	9.27	28.47	57.8	-50.6	-26.53
2016-11-26	22.78	7.23	22.14	70.91	-56.93	-16.12
2016-12-21	22.75	5.98	19.92	76.14	-59.15	-12.9
2016-11-02	22.74	1.52	20.4	89.59	-58.67	-9.09
2016-10-26	22.68	5.1	23.13	79.68	-55.93	-10.95
2016-12-12	22.66	-2.9	14.12	82.89	-64.94	-29.79
2016-09-26	22.66	16.01	44.38	65.34	-34.69	-14.21
2016-12-13	22.62	1.11	15.04	86.97	-64.02	-12.82
2016-10-04	22.62	7.29	28.61	62.61	-50.44	-24.33
2016-11-04	22.61	0.37	14.88	80.36	-64.17	-21.5
2016-09-27	22.59	15.65	43.95	67.58	-35.11	-12.09
2016-11-25	22.56	3.86	20.48	82.56	-58.57	-10.56
2016-11-28	22.53	0.06	14.22	86	-64.83	-16.8
2016-10-02	22.5	11.72	33.97	56.91	-45.07	-25.01
2016-10-07	22.47	7.63	29.03	65.89	-50.02	-20.54
2016-10-22	22.46	5.36	21.67	61.76	-57.37	-28.39
2016-11-06	22.46	-0.98	15.78	79.85	-63.26	-26.16
2016-09-28	22.46	14.92	44.55	70.46	-34.49	-9.5
2016-10-12	22.44	8.17	26.92	62.98	-52.12	-22.71
2016-11-03	22.42	1.45	17.29	77.6	-61.74	-21.27
2016-11-20	22.42	7.33	21.67	81.23	-57.36	-5.64
2016-09-25	22.41	14.92	42.77	63.41	-36.26	-16.55
2016-10-18	22.39	9.22	26.72	68.81	-52.32	-15.56
2016-11-08	22.38	-1.79	14	89.64	-65.03	-19.06
2016-09-05	22.37	16.12	40.58	58.83	-38.45	-20.69
2016-11-15	22.36	8.24	19.56	94	-59.47	8.39
2016-10-29	22.34	7.14	21.47	43.69	-57.56	-43.47
2016-11-13	22.34	3.76	15.41	95.17	-63.62	1.84
2016-11-07	22.33	-2	14.77	79.8	-64.26	-29.62
2016-11-21	22.32	10.78	24.44	76.27	-54.59	-6.47
2016-12-23	22.32	6.55	18.11	72.24	-60.92	-15.85
2016-09-23	22.25	12.67	37.54	60.41	-41.48	-20.8
2016-10-08	22.25	8.4	28.31	56.25	-50.71	-29.13
2016-10-19	22.23	9.53	29.8	71.52	-49.21	-12.5
2016-10-21	22.15	7.53	24.36	62.39	-54.65	-24.19
2016-10-23	22.12	6.52	22.96	75.43	-56.05	-12.71
2016-10-24	22.11	7.49	26.71	73.79	-52.29	-12.85
2016-12-16	22.11	3.66	14.05	90.97	-64.95	-2.57
2016-10-14	22.1	6.6	24.13	62.85	-54.88	-25.16
2016-09-21	22.08	14.65	34.95	57.44	-44.06	-22.63
2016-10-09	22.07	8.76	30.95	72.97	-48.05	-11.96
2016-10-11	22.05	8.78	27.25	63.58	-51.75	-21.32
2016-10-03	21.99	10.25	31.04	57.17	-47.96	-26.09
2016-10-20	21.91	8.86	26.53	61.03	-52.46	-23.78
2016-12-22	21.89	7	17.14	75.86	-61.85	-11.5
2016-10-13	21.86	7.22	23.58	61.79	-55.41	-25.26
2016-10-27	21.82	8.95	25.89	78.04	-53.09	-6.66
2016-11-30	21.82	3.19	14.19	68.72	-64.8	-25.87
2016-09-22	21.78	13.77	37.18	62.39	-41.8	-18.13
2016-12-15	21.75	0.98	14	88.05	-64.98	-12.11
2016-10-28	21.74	10.37	29.25	65.17	-49.73	-17.96
2016-12-01	21.73	0.5	14	60.9	-64.98	-40.59
2016-12-17	21.7	3.97	14	83.68	-64.97	-9.21
2016-09-29	21.48	14.32	46.97	72.54	-31.99	-7.69
2016-12-02	21.47	0.31	14	68.88	-64.96	-33.16
2016-12-19	21.45	5.48	15.07	83.85	-63.88	-6.08
2016-12-06	21.42	-0.11	14	65.42	-64.96	-37.85
2016-12-05	21.37	5.04	14.08	59.77	-64.87	-30.97
2017-01-10	21.36	3.8	18	95	-60.95	1.75
2016-12-07	21.35	1.85	14	71.64	-64.95	-26.18
2016-12-04	21.16	1.14	14	77.23	-64.94	-22.46
2016-12-09	21.13	6.59	21.58	65.23	-57.36	-22.8
2016-09-24	21.08	14.26	40.66	64.61	-38.28	-15.65
2016-12-10	21.07	2.21	15.07	76.55	-63.86	-20.36
2016-12-18	20.99	4.99	14.02	87.12	-64.92	-3.72
2016-12-03	20.95	-1.39	14	71.79	-64.93	-35.55
2016-12-08	20.06	8.08	23.22	86.02	-55.7	0.21
